tensor([[[-6.4613e-02,  1.1050e-01,  2.1426e-02,  ..., -1.1359e-01,
          -5.8032e-02, -3.2792e-04],
         [-1.2148e-01,  2.0482e-01,  1.8372e-02,  ..., -9.7377e-02,
          -1.6867e-02,  3.5500e-01],
         [-8.7970e-02,  3.2739e-01,  3.3134e-01,  ...,  4.9024e-01,
          -3.2760e-01,  1.1084e-01],
         ...,
         [ 1.9952e-02, -1.0672e-01, -2.9074e-03,  ..., -1.8720e-01,
           1.9214e-02,  1.0629e-01],
         [ 1.5989e-01,  2.2487e-02, -9.8812e-02,  ..., -4.1133e-02,
          -1.8672e-01, -1.4344e-01],
         [-9.2826e-02,  9.4324e-02,  1.2048e-01,  ...,  9.9433e-05,
           2.1063e-02,  1.2416e-02]]], device='cuda:0',
       grad_fn=<NativeLayerNormBackward0>)
       tensor(2.8825, device='cuda:0', grad_fn=<NllLossBackward0>)
       tensor([[[ 0.1920,  0.0408, -0.2371,  ...,  0.3186, -0.1403,  0.2201],
         [ 0.1935,  0.4753, -0.0554,  ...,  0.3743, -0.2625,  0.0814],
         [ 0.3027,  0.2327, -0.0721,  ...,  0.1654, -0.4480, -0.1505],
         ...,
         [ 0.2756,  0.0291, -0.1697,  ...,  0.4407, -0.3315,  0.2229],
         [ 0.3015,  0.1131, -0.2010,  ...,  0.2954, -0.4209,  0.3591],
         [ 0.1577,  0.1033, -0.4836,  ...,  0.4167, -0.1337,  0.2416]]],
       device='cuda:0', dtype=torch.float16, grad_fn=<ViewBackward0>)