tensor([[[[1, 0, 0],
          [1, 0, 0],
          [1, 0, 0],
          ...,
          [0, 0, 0],
          [0, 0, 0],
          [0, 0, 0]],

         [[1, 0, 0],
          [1, 0, 0],
          [0, 0, 0],
          ...,
          [0, 0, 0],
          [0, 0, 0],
          [0, 0, 0]],

         [[1, 0, 0],
          [0, 0, 0],
          [0, 0, 0],
          ...,
          [0, 0, 0],
          [0, 0, 0],
          [0, 0, 0]],

         ...,

         [[0, 0, 0],
          [0, 0, 0],
          [0, 0, 0],
          ...,
          [0, 0, 0],
          [0, 0, 0],
          [0, 0, 0]],

         [[0, 0, 0],
          [0, 0, 0],
          [0, 0, 0],
          ...,
          [0, 0, 0],
          [0, 0, 0],
          [0, 0, 0]],

         [[0, 0, 0],
          [0, 0, 0],
          [0, 0, 0],
          ...,
          [0, 0, 0],
          [0, 0, 0],
          [0, 0, 0]]],


        [[[1, 0, 0],
          [0, 0, 0],
          [0, 0, 0],
          ...,
          [0, 0, 0],
          [0, 0, 0],
          [0, 0, 0]],

         [[1, 0, 0],
          [1, 0, 0],
          [1, 0, 0],
          ...,
          [0, 0, 0],
          [0, 0, 0],
          [0, 0, 0]],

         [[0, 0, 0],
          [0, 0, 0],
          [0, 0, 0],
          ...,
          [0, 0, 0],
          [0, 0, 0],
          [0, 0, 0]],

         ...,

         [[0, 0, 0],
          [0, 0, 0],
          [0, 0, 0],
          ...,
          [0, 0, 0],
          [0, 0, 0],
          [0, 0, 0]],

         [[0, 0, 0],
          [0, 0, 0],
          [0, 0, 0],
          ...,
          [0, 0, 0],
          [0, 0, 0],
          [0, 0, 0]],

         [[0, 0, 0],
          [0, 0, 0],
          [0, 0, 0],
          ...,
          [0, 0, 0],
          [0, 0, 0],
          [0, 0, 0]]],


        [[[1, 0, 0],
          [0, 0, 0],
          [0, 0, 0],
          ...,
          [0, 0, 0],
          [0, 0, 0],
          [0, 0, 0]],

         [[1, 0, 0],
          [1, 0, 0],
          [0, 0, 0],
          ...,
          [0, 0, 0],
          [0, 0, 0],
          [0, 0, 0]],

         [[1, 0, 0],
          [0, 0, 0],
          [0, 0, 0],
          ...,
          [0, 0, 0],
          [0, 0, 0],
          [0, 0, 0]],

         ...,

         [[1, 0, 0],
          [1, 0, 0],
          [1, 0, 0],
          ...,
          [0, 0, 0],
          [0, 0, 0],
          [0, 0, 0]],

         [[1, 0, 0],
          [0, 0, 0],
          [0, 0, 0],
          ...,
          [0, 0, 0],
          [0, 0, 0],
          [0, 0, 0]],

         [[2, 0, 0],
          [0, 0, 0],
          [0, 0, 0],
          ...,
          [0, 0, 0],
          [0, 0, 0],
          [0, 0, 0]]]], device='cuda:0')