tensor(0.3509, device='cuda:0')tensor([[ 1.1570e+01,  6.1797e+00,  6.1250e+00, -1.0000e+08, -1.0000e+08,
         -1.0000e+08, -1.0000e+08, -1.0000e+08, -1.0000e+08, -1.0000e+08,
         -1.0000e+08, -1.0000e+08, -1.0000e+08, -1.0000e+08, -1.0000e+08,
         -1.0000e+08, -1.0000e+08, -1.0000e+08, -1.0000e+08, -1.0000e+08,
         -1.0000e+08, -1.0000e+08, -1.0000e+08, -1.0000e+08, -1.0000e+08,
         -1.0000e+08, -1.0000e+08, -1.0000e+08, -1.0000e+08, -1.0000e+08,
          0.0000e+00],
        [ 1.1656e+01,  6.1133e+00, -1.0000e+08, -1.0000e+08, -1.0000e+08,
         -1.0000e+08, -1.0000e+08, -1.0000e+08, -1.0000e+08, -1.0000e+08,
         -1.0000e+08, -1.0000e+08, -1.0000e+08, -1.0000e+08, -1.0000e+08,
         -1.0000e+08, -1.0000e+08, -1.0000e+08, -1.0000e+08, -1.0000e+08,
         -1.0000e+08, -1.0000e+08, -1.0000e+08, -1.0000e+08, -1.0000e+08,
         -1.0000e+08, -1.0000e+08, -1.0000e+08, -1.0000e+08, -1.0000e+08,
          0.0000e+00],
        [ 1.1672e+01, -1.0000e+08, -1.0000e+08, -1.0000e+08, -1.0000e+08,
         -1.0000e+08, -1.0000e+08, -1.0000e+08, -1.0000e+08, -1.0000e+08,
         -1.0000e+08, -1.0000e+08, -1.0000e+08, -1.0000e+08, -1.0000e+08,
         -1.0000e+08, -1.0000e+08, -1.0000e+08, -1.0000e+08, -1.0000e+08,
         -1.0000e+08, -1.0000e+08, -1.0000e+08, -1.0000e+08, -1.0000e+08,
         -1.0000e+08, -1.0000e+08, -1.0000e+08, -1.0000e+08, -1.0000e+08,
          0.0000e+00],
        [ 7.1094e+00,  8.8906e+00,  6.9531e+00,  6.4805e+00,  6.3438e+00,
          6.2695e+00,  6.1484e+00,  6.1133e+00,  6.1094e+00,  6.1211e+00,
          6.1094e+00,  6.1055e+00,  6.1094e+00,  6.1211e+00, -1.0000e+08,
         -1.0000e+08, -1.0000e+08, -1.0000e+08, -1.0000e+08, -1.0000e+08,
         -1.0000e+08, -1.0000e+08, -1.0000e+08, -1.0000e+08, -1.0000e+08,
         -1.0000e+08, -1.0000e+08, -1.0000e+08, -1.0000e+08, -1.0000e+08,
          0.0000e+00],
        [ 1.1672e+01, -1.0000e+08, -1.0000e+08, -1.0000e+08, -1.0000e+08,
         -1.0000e+08, -1.0000e+08, -1.0000e+08, -1.0000e+08, -1.0000e+08,
         -1.0000e+08, -1.0000e+08, -1.0000e+08, -1.0000e+08, -1.0000e+08,
         -1.0000e+08, -1.0000e+08, -1.0000e+08, -1.0000e+08, -1.0000e+08,
         -1.0000e+08, -1.0000e+08, -1.0000e+08, -1.0000e+08, -1.0000e+08,
         -1.0000e+08, -1.0000e+08, -1.0000e+08, -1.0000e+08, -1.0000e+08,
          0.0000e+00],
        [ 8.3281e+00,  7.0898e+00,  7.5000e+00,  6.4180e+00,  6.2422e+00,
          6.4492e+00,  6.1797e+00,  6.1289e+00,  6.1133e+00,  6.1094e+00,
          6.1094e+00,  6.1133e+00,  6.1055e+00,  6.1055e+00,  6.1016e+00,
         -1.0000e+08, -1.0000e+08, -1.0000e+08, -1.0000e+08, -1.0000e+08,
         -1.0000e+08, -1.0000e+08, -1.0000e+08, -1.0000e+08, -1.0000e+08,
         -1.0000e+08, -1.0000e+08, -1.0000e+08, -1.0000e+08, -1.0000e+08,
          0.0000e+00],
        [ 1.1672e+01, -1.0000e+08, -1.0000e+08, -1.0000e+08, -1.0000e+08,
         -1.0000e+08, -1.0000e+08, -1.0000e+08, -1.0000e+08, -1.0000e+08,
         -1.0000e+08, -1.0000e+08, -1.0000e+08, -1.0000e+08, -1.0000e+08,
         -1.0000e+08, -1.0000e+08, -1.0000e+08, -1.0000e+08, -1.0000e+08,
         -1.0000e+08, -1.0000e+08, -1.0000e+08, -1.0000e+08, -1.0000e+08,
         -1.0000e+08, -1.0000e+08, -1.0000e+08, -1.0000e+08, -1.0000e+08,
          0.0000e+00],
        [ 1.1648e+01,  6.1250e+00, -1.0000e+08, -1.0000e+08, -1.0000e+08,
         -1.0000e+08, -1.0000e+08, -1.0000e+08, -1.0000e+08, -1.0000e+08,
         -1.0000e+08, -1.0000e+08, -1.0000e+08, -1.0000e+08, -1.0000e+08,
         -1.0000e+08, -1.0000e+08, -1.0000e+08, -1.0000e+08, -1.0000e+08,
         -1.0000e+08, -1.0000e+08, -1.0000e+08, -1.0000e+08, -1.0000e+08,
         -1.0000e+08, -1.0000e+08, -1.0000e+08, -1.0000e+08, -1.0000e+08,
          0.0000e+00],
        [ 1.1672e+01, -1.0000e+08, -1.0000e+08, -1.0000e+08, -1.0000e+08,
         -1.0000e+08, -1.0000e+08, -1.0000e+08, -1.0000e+08, -1.0000e+08,
         -1.0000e+08, -1.0000e+08, -1.0000e+08, -1.0000e+08, -1.0000e+08,
         -1.0000e+08, -1.0000e+08, -1.0000e+08, -1.0000e+08, -1.0000e+08,
         -1.0000e+08, -1.0000e+08, -1.0000e+08, -1.0000e+08, -1.0000e+08,
         -1.0000e+08, -1.0000e+08, -1.0000e+08, -1.0000e+08, -1.0000e+08,
          0.0000e+00],
        [ 1.0219e+01,  6.4727e+00,  6.5508e+00,  6.7305e+00, -1.0000e+08,
         -1.0000e+08, -1.0000e+08, -1.0000e+08, -1.0000e+08, -1.0000e+08,
         -1.0000e+08, -1.0000e+08, -1.0000e+08, -1.0000e+08, -1.0000e+08,
         -1.0000e+08, -1.0000e+08, -1.0000e+08, -1.0000e+08, -1.0000e+08,
         -1.0000e+08, -1.0000e+08, -1.0000e+08, -1.0000e+08, -1.0000e+08,
         -1.0000e+08, -1.0000e+08, -1.0000e+08, -1.0000e+08, -1.0000e+08,
          0.0000e+00],
        [ 7.4961e+00,  8.0156e+00,  7.3984e+00,  6.4961e+00,  6.2812e+00,
          6.3633e+00,  6.1602e+00,  6.1172e+00,  6.1094e+00,  6.1172e+00,
          6.1094e+00,  6.1055e+00,  6.1094e+00,  6.1172e+00, -1.0000e+08,
         -1.0000e+08, -1.0000e+08, -1.0000e+08, -1.0000e+08, -1.0000e+08,
         -1.0000e+08, -1.0000e+08, -1.0000e+08, -1.0000e+08, -1.0000e+08,
         -1.0000e+08, -1.0000e+08, -1.0000e+08, -1.0000e+08, -1.0000e+08,
          0.0000e+00],
        [ 1.1672e+01, -1.0000e+08, -1.0000e+08, -1.0000e+08, -1.0000e+08,
         -1.0000e+08, -1.0000e+08, -1.0000e+08, -1.0000e+08, -1.0000e+08,
         -1.0000e+08, -1.0000e+08, -1.0000e+08, -1.0000e+08, -1.0000e+08,
         -1.0000e+08, -1.0000e+08, -1.0000e+08, -1.0000e+08, -1.0000e+08,
         -1.0000e+08, -1.0000e+08, -1.0000e+08, -1.0000e+08, -1.0000e+08,
         -1.0000e+08, -1.0000e+08, -1.0000e+08, -1.0000e+08, -1.0000e+08,
          0.0000e+00],
        [ 1.1672e+01, -1.0000e+08, -1.0000e+08, -1.0000e+08, -1.0000e+08,
         -1.0000e+08, -1.0000e+08, -1.0000e+08, -1.0000e+08, -1.0000e+08,
         -1.0000e+08, -1.0000e+08, -1.0000e+08, -1.0000e+08, -1.0000e+08,
         -1.0000e+08, -1.0000e+08, -1.0000e+08, -1.0000e+08, -1.0000e+08,
         -1.0000e+08, -1.0000e+08, -1.0000e+08, -1.0000e+08, -1.0000e+08,
         -1.0000e+08, -1.0000e+08, -1.0000e+08, -1.0000e+08, -1.0000e+08,
          0.0000e+00]], device='cuda:0')