cand_ids, candidate_pem_values, candidate_entity_targets, cand_desc, cand_desc_emb - (tensor([[  188784,  1535153],
        [   24925,   471839],
        [ 1760610,  1114502],
        [  178659,  1311350],
        [ 5092316, 47487546],
        [   11379,  2151621],
        [  179057,   858145],
        [ 1048664,        0],
        [  311607,  2946019],
        [  152098, 30597419],
        [  717588,    42952],
        [  725384, 10540307],
        [ 4928908,        0],
        [ 1153051,   723644],
        [  207746,  5594233],
        [ 1229098,        0],
        [54954056,        0],
        [ 6176072,        0]], device='cuda:0'), tensor([[0.9003, 0.0370],
        [0.9007, 0.0751],
        [0.9720, 0.0090],
        [0.9664, 0.0071],
        [0.9362, 0.0532],
        [0.7203, 0.0379],
        [0.7787, 0.0104],
        [1.0000, 0.0000],
        [0.9894, 0.0044],
        [0.6832, 0.1171],
        [0.3559, 0.3037],
        [0.7510, 0.1907],
        [1.0000, 0.0000],
        [0.9886, 0.0114],
        [0.2487, 0.5990],
        [1.0000, 0.0000],
        [1.0000, 0.0000],
        [1.0000, 0.0000]], device='cuda:0'), tensor([[1, 0, 0],
        [1, 0, 0],
        [1, 0, 0],
        [1, 0, 0],
        [1, 0, 0],
        [1, 0, 0],
        [1, 0, 0],
        [1, 0, 0],
        [1, 0, 0],
        [1, 0, 0],
        [1, 0, 0],
        [1, 0, 0],
        [1, 0, 0],
        [1, 0, 0],
        [1, 0, 0],
        [1, 0, 0],
        [1, 0, 0],
        [1, 0, 0]], device='cuda:0'), tensor([[[    0, 16101, 19034,  ...,     1,     1,     1],
         [    0, 16101, 19034,  ...,     1,     1,     1]],

        [[    0, 33749, 11845,  ...,     1,     1,     1],
         [    0, 33749, 11845,  ...,     1,     1,     1]],

        [[    0,   175,   636,  ...,     1,     1,     1],
         [    0,   175,  2857,  ...,     1,     1,     1]],

        ...,

        [[    0, 37711,   886,  ...,     1,     1,     1],
         [    1,     1,     1,  ...,     1,     1,     1]],

        [[    0, 40302,    12,  ...,     1,     1,     1],
         [    1,     1,     1,  ...,     1,     1,     1]],

        [[    0, 19663,  5460,  ...,     1,     1,     1],
         [    1,     1,     1,  ...,     1,     1,     1]]], device='cuda:0'), None)